0
4470
4576
5040
520
7201
10099
10280
10410
10560
10951
11618
11869
11980
12553
12904
13318
13388
13459
13838
14048
14068
14113
14142
14192
14211
14221
14264
14373
14383
20692
20702
20774
20802
20922
20932
20942
20963
21052
21062
21072
21073
21074
21082
21085
21091
21162
21172
21223
21255
21273
21322
21353
21404
21412
21452
21482
21513
21585
21587
21593
21595
21613
21614
21624
21625
21633
21638
21639
21640
21647
21655
21663
21678
21704
21813
21883
21903
21914
21926
21964
21973
21986
22014
22065
22085
22087
22089
22091
22094
22103
22124
22184
22188
22213
22235
22273
22283
22323
22363
22373
22374
22383
22393
22395
22407
22412
22483
22595
22653
22663
22673
22674
22677
22723
22733
22793
22803
2383
3225
3286
3654
3895
4194
4665
8670
89
896
9590
9677
9759
9837
9847
9852
