11767
4555
8179
4406
11091
8120
13655
4074
8460
2193
182
9333
4215
10841
7122
2443
4617
3086
9798
9312
8950
9326
22593
8122
8821
1903
12432
21442
20563
9998
22755
9063
21392
177
3539
7360
20543
8234
64
4266
7641
21925
13787
307
3554
7169
4337
3857
21984
1645
100
10169
3859
155
4526
8582
13624
12623
2894
3275
7131
12281
4419
12211
22344
12542
4608
4305
10844
21439
11081
1623
10199
20934
4564
3794
12562
7539
8610
11688
7199
7289
12844
10471
12321
14143
4586
10941
7563
12884
7123
10859
22543
21342
4645
13178
20582
8641
21102
2333
4696
12000
11940
4294
9401
2683
9687
20544
4408
4265
11748
11141
4391
4312
1389
4327
1233
8049
7651
13593
20672
11659
9469
585
10822
1643
8289
8150
22403
167
4493
8820
3729
3604
7951
11483
7542
13757
13299
11302
7599
634
20933
11413
36
5054
14000
3605
13938
3764
4444
23178
7869
12051
4641
13591
11462
13725
1135
1245
21743
11322
13715
8540
9849
1994
13191
6
11658
13581
14377
5025
22676
3254
9181
22088
7611
7187
4098
12101
13756
8139
5061
349
10224
7
10852
10860
20562
377
132
7759
158
1397
7609
22497
11532
13988
10902
13069
5022
549
600
10472
219
10481
74
10882
4508
1583
13520
4255
154
5048
7499
10858
13376
22023
12001
7189
20454
22965
206
21458
12363
21434
10812
12513
566
13397
13248
7669
21332
397
4309
20545
13108
9191
4396
4698
4184
14273
3744
4083
4365
8159
3190
8661
7139
25
10961
12592
2394
4450
8220
20982
3514
10341
3986
3896
4315
793
22637
10391
692
8700
21354
21653
7299
7709
22854
12031
12543
21943
22950
1104
943
8870
1584
3954
12231
22764
22679
9717
21993
4453
7519
9319
129
10349
4666
4626
8575
4504
4670
4021
7681
7032
172
12431
9329
8019
13968
4619
4284
9062
7401
13148
2693
3174
311
3474
3686
3634
8209
3179
12301
9688
12002
13735
22948
8810
10851
10590
22044
9070
21282
8199
12934
23054
12452
20773
8170
10080
14131
4387
12161
161
21423
10823
13675
10740
3715
499
2974
11131
9758
21293
9220
10250
11272
10662
1388
3898
14090
3097
2143
13696
4019
5046
9171
3559
4318
9838
13118
7194
12876
22309
380
7731
4497
9322
3192
22443
8633
7075
8612
3734
1933
1905
1391
10650
4421
4457
22410
12588
20912
441
8791
7399
10180
11231
548
11323
106
2215
21424
8880
10353
4132
4422
294
11677
3195
8143
7281
22978
20402
1654
2253
20682
12652
9958
11472
11383
14080
8130
1823
12311
9050
10370
4285
3584
4127
11637
10109
1963
678
8100
7132
5052
1776
11003
11891
14354
3858
11492
22980
10831
13998
215
21443
14193
9768
4377
7640
10690
8233
7042
21272
4621
13168
10710
23084
10260
4384
7830
1663
7068
10680
21463
4248
11553
9402
259
3899
4447
7849
12251
4491
10550
10400
13071
9468
13098
1315
1726
7859
21823
11001
7529
188
2203
9201
7209
78
8860
3337
4400
11960
631
642
5033
3975
9306
487
214
12032
210
9291
11503
9757
12926
10811
20882
12121
1463
22894
4512
2733
7323
21054
3756
4708
20552
8581
2313
7619
13490
10932
7741
8180
11697
9010
2163
13837
4005
4511
2723
12587
9917
3189
7260
14191
22086
221
4620
580
12091
2323
9626
12754
13377
3534
3976
7449
4472
9000
3524
3860
823
10843
309
13340
12421
34
13308
7326
12523
4084
9051
11374
14091
7282
10079
457
3765
10461
8022
21454
4591
21214
223
500
13278
3204
3725
13604
8600
11760
8219
2424
1133
22185
21445
7067
10780
23063
10300
4070
12965
4438
10660
12764
33
418
7534
8370
4390
11242
3755
8099
3127
11243
10343
9539
13360
3624
8580
22643
10490
7650
7793
20524
7232
21764
10270
10380
4475
22695
4514
13590
3003
8872
10663
1335
default
1314
10891
12171
12331
13918
378
13208
1953
10750
2884
4676
11373
4715
21193
9305
4494
10701
22696
1338
11052
21457
8000
13029
11041
14272
113
622
4657
12785
13160
4718
9341
606
11787
12985
1614
354
3180
2674
9509
11879
3745
11597
7679
12986
9604
9150
1405
10912
4355
12453
1633
7659
2623
7531
10856
8001
3009
9323
10354
22502
4649
8523
20865
14008
11422
21122
21566
1401
8237
7031
560
8560
366
7022
12603
20513
21687
12552
7159
8971
9737
3295
14079
13958
8642
21014
21042
4689
4550
22090
13198
9192
13489
4125
22193
21461
10159
8875
4633
7301
7860
12011
7459
4316
8331
10470
14263
3855
4356
8690
12954
21013
4100
7730
12597
919
8571
8900
4492
13867
20532
21954
4286
21462
8730
5031
9304
9927
21444
8761
7559
232
4310
2964
8230
10231
11405
9200
333
4464
10140
21953
3324
11763
21913
577
7629
21502
12442
5068
7510
2815
8192
11607
7029
8891
9301
2954
142
2453
11901
12021
52
10501
12381
14251
10541
3224
2694
20542
11375
14374
9281
2173
3985
12072
419
176
12351
9827
9328
42
9317
7052
144
41
8510
9332
3183
11777
12044
8059
4674
9853
13592
2243
9251
2553
35
3836
4214
9110
13399
21893
7862
3105
22325
1044
341
13398
11404
14101
13767
3629
9800
2824
3374
4611
13079
3198
574
1649
579
10069
7291
9130
7891
3054
364
7193
10872
22743
2053
12342
7889
10741
11717
20902
12151
635
2734
3945
21923
7231
9908
21803
4479
10720
13437
13847
9580
4015
22897
7610
411
9210
11808
578
8576
8340
14171
7272
3106
14231
11817
9867
4702
21453
20453
7791
9100
12353
13428
12221
11112
4553
3905
4324
4014
22744
4124
11920
4560
12582
12071
7119
23015
22914
8300
10540
11282
3315
13877
3214
4329
75
22514
20583
10142
4006
8440
8090
22938
3
20742
7409
8570
292
3274
14384
7579
13888
21456
7359
9318
22623
1603
43
3536
22253
4516
256
12361
10028
8770
13008
7639
319
13018
21568
13354
21733
21583
7790
9666
21075
9928
9080
4537
7879
4317
10143
12572
22093
22883
12692
9907
10661
2114
13190
7689
368
13417
3182
7535
13540
2975
8270
13570
8573
22996
5
21253
23
13353
4625
1378
12584
8239
13088
22943
9809
20492
178
10682
11890
9061
4134
11727
744
8631
9489
9767
11950
3404
22355
13218
1644
9600
21674
7124
12512
7324
11900
11657
586
568
7750
4386
5000
7699
3335
4542
8760
21460
7325
13580
22734
7197
1045
2705
12622
12642
9324
228
8831
2984
3774
9529
13128
22991
4359
12712
11101
1983
4385
4705
8119
415
7129
22635
38
7390
13978
4254
4640
8141
4684
8660
13685
21224
163
12997
9234
7181
13159
8161
9331
12544
9060
4639
4304
8480
8711
14194
4647
11241
4461
12546
10857
14195
12864
9161
21432
7590
3354
13808
12765
10340
3056
11576
7182
11837
10530
9162
11797
21433
11577
9727
12975
3633
8232
1984
11762
10771
7789
12532
3644
22794
14382
164
4055
3974
21775
4628
10845
8191
8350
11382
13707
10510
7543
169
10730
146
2823
2874
2513
21455
11758
9261
13929
4016
7339
686
12202
9968
13928
11262
1653
3776
7186
13645
4244
13635
14181
253
22825
9235
5045
11761
9689
10421
8279
3924
11031
111
7565
8874
13827
14372
21464
3565
1376
3181
11372
13068
138
10360
22814
13239
3494
10018
8520
12583
14252
10801
21032
9499
2164
12585
4026
9488
4437
13350
8910
12472
147
11617
10119
9271
9848
3234
22424
10791
4627
23253
551
933
9165
11121
4411
32
11113
121
22843
11962
12713
7130
3334
627
10600
22553
8160
7690
13788
4556
13138
1284
12341
10683
3045
20564
7028
13378
22507
11452
20473
1777
9313
4559
11737
12672
7561
4462
3626
7880
1094
7544
11432
4548
3837
358
3464
9850
3096
12043
4133
9090
356
22343
10700
4634
506
10942
865
445
331
20422
20772
312
11667
1177
3284
4451
10873
21533
21512
623
20622
14312
8524
4080
11482
21983
9307
2593
7819
1353
3285
7064
11021
8020
3841
8911
7149
4680
21753
22404
14111
3384
4088
3434
7537
20632
8470
13665
628
3728
4388
10821
1513
4552
3185
12312
11161
8079
21664
3904
7410
13450
4716
7087
21459
9327
3197
12746
3935
1395
4076
9697
13560
4078
10871
13817
13339
12824
9656
13908
7649
13386
21448
20652
434
250
9470
21402
9550
4703
10321
12924
20392
9458
254
7910
10651
11899
3135
7321
9252
10846
11627
8490
3044
7293
10770
2113
22859
4580
23040
14039
21623
4018
12784
11572
509
160
420
56
9202
4445
7720
3264
4095
22634
98
14375
9887
9807
9166
3314
8039
8231
3163
334
10903
3064
10049
10301
2924
359
11061
14265
8710
9897
8621
7294
11574
14151
7739
12745
5002
3001
12925
2643
14292
20843
9190
7569
9690
4613
684
8
11765
532
13625
7538
1244
222
9799
12944
11251
4482
7120
13746
21554
12595
157
7322
3557
443
4610
3146
21493
1564
8240
10670
9022
4034
231
9250
8089
4650
10139
10048
11859
7929
11342
12081
9437
3166
14078
9851
13361
905
9857
9636
40
13736
4486
4505
1893
7280
4307
9052
12734
21523
14161
3994
562
12522
3124
13058
13706
12874
267
12875
498
13048
22274
7185
20752
2934
11403
12201
8572
12703
21034
3115
9260
11807
8632
10050
336
13407
3187
9448
4519
22942
90
10580
11512
21053
4578
7269
581
5050
5066
9001
10500
205
12252
3244
9667
13797
9797
21657
7329
4463
12633
4515
22976
20432
8981
3178
126
14242
9334
13777
8574
9292
102
12271
7589
9646
11
225
12894
4101
4517
4635
21466
2223
22444
4236
11212
7095
12514
10071
4598
12814
7810
7959
2063
8129
3538
66
11111
13509
20642
10221
13745
20502
4691
11244
652
7562
21435
4664
11687
13614
11747
3542
22264
7989
13351
2083
7549
1884
7939
13070
424
9371
8840
4067
21441
7271
9372
14018
21985
21395
21292
7195
596
9351
4085
4581
3188
626
5041
12995
2064
12744
4409
13857
77
12041
8236
3543
11221
1374
5024
22783
8390
21084
4623
4585
2363
13379
11573
7799
13469
12042
14201
4004
13898
12391
10450
3535
13807
4350
8680
954
4399
12401
13999
4471
7950
148
7509
13479
8310
14141
2543
7536
7086
469
1074
2463
99
22063
8142
10090
13519
22694
10901
10981
8009
10089
7099
7369
7229
3664
11889
3585
7241
9309
11453
8940
10460
14
1275
13858
220
7200
12131
112
2514
12181
21446
3095
9817
9321
11292
13288
10008
21012
10664
3364
14356
4319
3540
14102
1403
14029
2373
913
4347
3148
4629
8330
1593
21465
7881
10842
141
11575
4313
12483
47
13268
21447
10681
3746
12082
4599
12714
21142
9361
1053
10059
4087
21924
4714
10179
8235
11415
9605
544
7899
22951
2985
3537
576
1243
8671
4334
14302
3076
4267
3996
8029
9308
602
11768
20864
5063
139
13258
12352
12262
9240
12371
7066
23173
12596
14402
12964
7533
3094
7259
22493
5058
9549
9436
10210
3344
13427
14241
4704
10070
13300
7085
903
12632
4431
12362
8550
21933
14058
9311
9203
4605
4278
1573
7400
10290
3304
12261
12191
11764
3544
186
21089
12774