11767
8179
8120
8460
14221
9312
8821
12432
20563
9998
22755
22677
21392
3539
20543
8234
7641
22184
11980
13787
10560
100
155
3286
8582
22595
22723
4305
11081
13838
14143
22543
20582
21102
2333
4294
22383
9687
4312
8049
14373
10822
167
22803
3604
21624
7951
14211
13299
21091
36
3605
23178
1994
6
20932
22676
14192
7611
20774
349
20942
7
377
14068
1397
11532
13069
74
10882
4508
154
21062
7499
22023
10812
12513
20545
13108
9191
3744
4365
21704
12592
20982
22793
7201
22637
8700
22854
22950
22679
129
3225
2693
3474
3686
12002
22948
21625
9852
21282
23054
12161
161
20692
20802
21647
10740
3715
4576
2143
13696
4318
10099
9322
22443
8633
7075
3734
1933
89
4457
22407
441
106
8880
4132
11677
3195
20402
12652
21085
9677
9847
11891
14383
22980
2383
14193
21614
23084
22393
21593
3899
4447
1726
21223
7209
78
21655
11960
631
12553
9306
9291
10811
22894
4512
21054
3756
2313
896
9917
580
12091
9626
3524
823
10843
34
11374
14091
8022
4591
500
21964
3204
13604
22087
11869
23063
4070
4438
10660
4390
3654
3127
11243
13360
3624
22643
7650
7232
22188
13590
10891
13918
378
10750
4715
9305
11052
4665
8000
14142
21273
14272
21353
4657
11787
9509
3745
7679
9604
21162
21914
21973
1633
21639
366
20922
14264
7159
8971
21014
4550
21638
13489
4125
22193
21461
8875
8331
14263
21013
13867
10280
8730
21444
232
2964
9200
21663
22014
4194
11607
21074
9301
13318
142
2453
52
12381
14251
3224
9281
9827
42
144
41
9251
3836
22653
13399
1044
13398
11404
14101
2824
4611
3198
7891
10872
7889
11717
2734
10720
22897
411
11808
14231
9100
13428
4553
4014
4560
22103
22914
10540
13877
3214
75
20583
8440
21452
8090
22938
8570
3274
21903
22623
1603
43
3536
4516
256
21412
13018
21568
9666
10143
12572
22283
22883
21926
8270
22996
5
23
13088
22943
11890
8631
9767
22355
1644
12512
22673
7750
7699
22734
228
2984
3774
21678
22991
21052
7129
22635
38
8660
21224
12997
20702
12904
9060
10951
4647
12864
22091
12975
10771
14382
164
8350
22089
11382
10510
7543
169
21585
13929
4016
9968
11262
22733
3776
4244
13635
14181
253
5045
21640
8279
111
13827
22483
3565
22323
138
21255
21404
14252
10801
21032
9271
22424
10791
23253
933
32
13388
7130
22553
4556
22235
20564
11737
11618
21813
10700
4634
20422
20772
21633
9307
3895
7149
14111
3384
628
21482
5040
21459
13560
13817
13339
9837
21587
8670
9550
21883
9590
10846
420
4470
9202
3264
22634
98
14375
3163
334
22085
21072
10410
14151
7739
5002
20843
21082
8
11765
22373
11251
22663
21554
22273
22674
14113
22124
7929
11342
21513
3166
21322
13459
21523
21986
267
498
12703
21034
3187
4519
22942
90
21053
9001
22094
14048
22976
3178
9292
22363
7589
9646
225
4517
22444
21073
4598
2063
13509
10221
11244
22264
7989
8840
9351
3188
9759
21172
3543
11221
21084
22374
13807
14141
2543
7536
469
99
22063
8142
10901
3664
7241
12131
12181
14102
913
3148
141
22065
4313
13268
12714
1053
10059
20963
7899
22213
3996
8029
22395
20864
5063
520
23173
7259
22493
10210
21613
14241
10070
903
4431
22412
21595
12774
0
